0.000000e+00 	 0.000000e+00
2.500000e-03 	 4.346025e-06
5.000000e-03 	 7.370640e-06
7.500000e-03 	 9.331389e-06
1.000000e-02 	 1.044755e-05
1.250000e-02 	 1.090467e-05
1.500000e-02 	 1.085870e-05
1.750000e-02 	 1.043968e-05
2.000000e-02 	 9.755099e-06
2.250000e-02 	 8.892868e-06
2.500000e-02 	 7.924029e-06
2.750000e-02 	 6.905134e-06
3.000000e-02 	 5.880375e-06
3.250000e-02 	 4.883471e-06
3.500000e-02 	 3.939331e-06
3.750000e-02 	 3.065524e-06
4.000000e-02 	 2.273557e-06
4.250000e-02 	 1.569996e-06
4.500000e-02 	 9.574350e-07
4.750000e-02 	 4.353324e-07
5.000000e-02 	 7.293217e-10
5.250000e-02 	 3.511414e-07
5.500000e-02 	 6.263390e-07
5.750000e-02 	 8.317842e-07
6.000000e-02 	 9.749018e-07
6.250000e-02 	 1.063330e-06
6.500000e-02 	 1.104683e-06
6.750000e-02 	 1.106372e-06
7.000000e-02 	 1.075456e-06
7.250000e-02 	 1.018542e-06
7.500000e-02 	 9.417086e-07
7.750000e-02 	 8.504577e-07
8.000000e-02 	 7.496915e-07
8.250000e-02 	 6.437039e-07
8.500000e-02 	 5.361878e-07
8.750000e-02 	 4.302549e-07
9.000000e-02 	 3.284641e-07
9.250000e-02 	 2.328567e-07
9.500000e-02 	 1.449963e-07
9.750000e-02 	 6.601273e-08
1.000000e-01 	 3.353172e-09
1.025000e-01 	 6.270376e-08
1.050000e-01 	 1.119392e-07
1.075000e-01 	 1.512137e-07
1.100000e-01 	 1.808927e-07
1.125000e-01 	 2.015136e-07
1.150000e-01 	 2.137484e-07
1.175000e-01 	 2.183696e-07
1.200000e-01 	 2.162192e-07
1.225000e-01 	 2.081810e-07
1.250000e-01 	 1.951561e-07
1.275000e-01 	 1.780417e-07
1.300000e-01 	 1.577129e-07
1.325000e-01 	 1.350074e-07
1.350000e-01 	 1.107135e-07
1.375000e-01 	 8.556010e-08
1.400000e-01 	 6.020955e-08
1.425000e-01 	 3.525262e-08
1.450000e-01 	 1.120548e-08
1.475000e-01 	 1.149154e-08
1.500000e-01 	 3.247360e-08
1.525000e-01 	 5.144966e-08
1.550000e-01 	 6.819963e-08
1.575000e-01 	 8.257057e-08
1.600000e-01 	 9.447212e-08
1.625000e-01 	 1.038713e-07
1.650000e-01 	 1.107871e-07
1.675000e-01 	 1.152842e-07
1.700000e-01 	 1.174675e-07
1.725000e-01 	 1.174756e-07
1.750000e-01 	 1.154749e-07
1.775000e-01 	 1.116539e-07
1.800000e-01 	 1.062178e-07
1.825000e-01 	 9.938268e-08
1.850000e-01 	 9.137101e-08
1.875000e-01 	 8.240702e-08
1.900000e-01 	 7.271258e-08
1.925000e-01 	 6.250359e-08
1.950000e-01 	 5.198679e-08
1.975000e-01 	 4.135703e-08
2.000000e-01 	 3.079506e-08
2.025000e-01 	 2.046567e-08
2.050000e-01 	 1.051635e-08
2.075000e-01 	 1.076318e-09
2.100000e-01 	 7.744043e-09
2.125000e-01 	 1.585341e-08
2.150000e-01 	 2.317942e-08
2.175000e-01 	 2.966821e-08
2.200000e-01 	 3.528382e-08
2.225000e-01 	 4.000723e-08
2.250000e-01 	 4.383530e-08
2.275000e-01 	 4.677950e-08
2.300000e-01 	 4.886456e-08
2.325000e-01 	 5.012694e-08
2.350000e-01 	 5.061337e-08
2.375000e-01 	 5.037920e-08
2.400000e-01 	 4.948686e-08
2.425000e-01 	 4.800430e-08
2.450000e-01 	 4.600342e-08
2.475000e-01 	 4.355864e-08
2.500000e-01 	 4.074548e-08
2.525000e-01 	 3.763925e-08
2.550000e-01 	 3.431388e-08
2.575000e-01 	 3.084078e-08
2.600000e-01 	 2.728791e-08
2.625000e-01 	 2.371889e-08
2.650000e-01 	 2.019232e-08
2.675000e-01 	 1.676120e-08
2.700000e-01 	 1.347241e-08
2.725000e-01 	 1.036645e-08
2.750000e-01 	 7.477174e-09
2.775000e-01 	 4.831747e-09
2.800000e-01 	 2.450622e-09
2.825000e-01 	 3.476854e-10
2.850000e-01 	 1.469532e-09
2.875000e-01 	 2.999554e-09
2.900000e-01 	 4.246584e-09
2.925000e-01 	 5.220058e-09
2.950000e-01 	 5.934154e-09
2.975000e-01 	 6.407247e-09
3.000000e-01 	 6.661339e-09
3.025000e-01 	 6.721459e-09
3.050000e-01 	 6.615052e-09
3.075000e-01 	 6.371370e-09
3.100000e-01 	 6.020860e-09
3.125000e-01 	 5.594572e-09
3.150000e-01 	 5.123583e-09
3.175000e-01 	 4.638460e-09
3.200000e-01 	 4.168750e-09
3.225000e-01 	 3.742509e-09
3.250000e-01 	 3.385887e-09
3.275000e-01 	 3.122754e-09
3.300000e-01 	 2.974381e-09
3.325000e-01 	 2.959173e-09
3.350000e-01 	 3.092464e-09
3.375000e-01 	 3.386363e-09
3.400000e-01 	 3.849656e-09
3.425000e-01 	 4.487769e-09
3.450000e-01 	 5.302776e-09
3.475000e-01 	 6.293466e-09
3.500000e-01 	 7.455451e-09
3.525000e-01 	 8.781326e-09
3.550000e-01 	 1.026086e-08
3.575000e-01 	 1.188124e-08
3.600000e-01 	 1.362733e-08
3.625000e-01 	 1.548195e-08
3.650000e-01 	 1.742624e-08
3.675000e-01 	 1.943991e-08
3.700000e-01 	 2.150167e-08
3.725000e-01 	 2.358951e-08
3.750000e-01 	 2.568112e-08
3.775000e-01 	 2.775418e-08
3.800000e-01 	 2.978670e-08
3.825000e-01 	 3.175741e-08
3.850000e-01 	 3.364601e-08
3.875000e-01 	 3.543347e-08
3.900000e-01 	 3.710232e-08
3.925000e-01 	 3.863687e-08
3.950000e-01 	 4.002341e-08
3.975000e-01 	 4.125042e-08
4.000000e-01 	 4.230865e-08
4.025000e-01 	 4.319131e-08
4.050000e-01 	 4.389405e-08
4.075000e-01 	 4.441507e-08
4.100000e-01 	 4.475507e-08
4.125000e-01 	 4.491722e-08
4.150000e-01 	 4.490711e-08
4.175000e-01 	 4.473263e-08
4.200000e-01 	 4.440379e-08
4.225000e-01 	 4.393263e-08
4.250000e-01 	 4.333298e-08
4.275000e-01 	 4.262023e-08
4.300000e-01 	 4.181115e-08
4.325000e-01 	 4.092356e-08
4.350000e-01 	 3.997611e-08
4.375000e-01 	 3.898801e-08
4.400000e-01 	 3.797869e-08
4.425000e-01 	 3.696759e-08
4.450000e-01 	 3.597379e-08
4.475000e-01 	 3.501580e-08
4.500000e-01 	 3.411124e-08
4.525000e-01 	 3.327661e-08
4.550000e-01 	 3.252703e-08
4.575000e-01 	 3.187601e-08
4.600000e-01 	 3.133527e-08
4.625000e-01 	 3.091454e-08
4.650000e-01 	 3.062140e-08
4.675000e-01 	 3.046119e-08
4.700000e-01 	 3.043687e-08
4.725000e-01 	 3.054901e-08
4.750000e-01 	 3.079572e-08
4.775000e-01 	 3.117266e-08
4.800000e-01 	 3.167310e-08
4.825000e-01 	 3.228797e-08
4.850000e-01 	 3.300596e-08
4.875000e-01 	 3.381366e-08
4.900000e-01 	 3.469573e-08
4.925000e-01 	 3.563506e-08
4.950000e-01 	 3.661305e-08
4.975000e-01 	 3.760976e-08
5.000000e-01 	 3.860424e-08
5.025000e-01 	 3.957477e-08
5.050000e-01 	 4.049919e-08
5.075000e-01 	 4.135513e-08
5.100000e-01 	 4.212039e-08
5.125000e-01 	 4.277321e-08
5.150000e-01 	 4.329259e-08
5.175000e-01 	 4.365859e-08
5.200000e-01 	 4.385264e-08
5.225000e-01 	 4.385779e-08
5.250000e-01 	 4.365903e-08
5.275000e-01 	 4.324347e-08
5.300000e-01 	 4.260064e-08
5.325000e-01 	 4.172263e-08
5.350000e-01 	 4.060426e-08
5.375000e-01 	 3.924326e-08
5.400000e-01 	 3.764033e-08
5.425000e-01 	 3.579925e-08
5.450000e-01 	 3.372684e-08
5.475000e-01 	 3.143302e-08
5.500000e-01 	 2.893073e-08
5.525000e-01 	 2.623584e-08
5.550000e-01 	 2.336704e-08
5.575000e-01 	 2.034565e-08
5.600000e-01 	 1.719545e-08
5.625000e-01 	 1.394239e-08
5.650000e-01 	 1.061438e-08
5.675000e-01 	 7.240946e-09
5.700000e-01 	 3.852923e-09
5.725000e-01 	 4.820835e-10
5.750000e-01 	 2.839227e-09
5.775000e-01 	 6.078483e-09
5.800000e-01 	 9.203378e-09
5.825000e-01 	 1.218224e-08
5.850000e-01 	 1.498444e-08
5.875000e-01 	 1.758081e-08
5.900000e-01 	 1.994401e-08
5.925000e-01 	 2.204898e-08
5.950000e-01 	 2.387324e-08
5.975000e-01 	 2.539730e-08
6.000000e-01 	 2.660491e-08
6.025000e-01 	 2.748341e-08
6.050000e-01 	 2.802395e-08
6.075000e-01 	 2.822168e-08
6.100000e-01 	 2.807593e-08
6.125000e-01 	 2.759031e-08
6.150000e-01 	 2.677279e-08
6.175000e-01 	 2.563567e-08
6.200000e-01 	 2.419556e-08
6.225000e-01 	 2.247325e-08
6.250000e-01 	 2.049355e-08
6.275000e-01 	 1.828507e-08
6.300000e-01 	 1.587993e-08
6.325000e-01 	 1.331344e-08
6.350000e-01 	 1.062370e-08
6.375000e-01 	 7.851168e-09
6.400000e-01 	 5.038193e-09
6.425000e-01 	 2.228465e-09
6.450000e-01 	 5.335150e-10
6.475000e-01 	 3.203032e-09
6.500000e-01 	 5.735759e-09
6.525000e-01 	 8.088378e-09
6.550000e-01 	 1.021921e-08
6.575000e-01 	 1.208884e-08
6.600000e-01 	 1.366075e-08
6.625000e-01 	 1.490187e-08
6.650000e-01 	 1.578321e-08
6.675000e-01 	 1.628037e-08
6.700000e-01 	 1.637400e-08
6.725000e-01 	 1.605030e-08
6.750000e-01 	 1.530132e-08
6.775000e-01 	 1.412533e-08
6.800000e-01 	 1.252698e-08
6.825000e-01 	 1.051751e-08
6.850000e-01 	 8.114741e-09
6.875000e-01 	 5.343047e-09
6.900000e-01 	 2.233224e-09
6.925000e-01 	 1.177773e-09
6.950000e-01 	 4.847178e-09
6.975000e-01 	 8.726871e-09
7.000000e-01 	 1.276394e-08
7.025000e-01 	 1.690132e-08
7.050000e-01 	 2.107857e-08
7.075000e-01 	 2.523271e-08
7.100000e-01 	 2.929914e-08
7.125000e-01 	 3.321261e-08
7.150000e-01 	 3.690831e-08
7.175000e-01 	 4.032298e-08
7.200000e-01 	 4.339598e-08
7.225000e-01 	 4.607050e-08
7.250000e-01 	 4.829469e-08
7.275000e-01 	 5.002278e-08
7.300000e-01 	 5.121620e-08
7.325000e-01 	 5.184458e-08
7.350000e-01 	 5.188670e-08
7.375000e-01 	 5.133137e-08
7.400000e-01 	 5.017812e-08
7.425000e-01 	 4.843783e-08
7.450000e-01 	 4.613308e-08
7.475000e-01 	 4.329842e-08
7.500000e-01 	 3.998041e-08
7.525000e-01 	 3.623741e-08
7.550000e-01 	 3.213912e-08
7.575000e-01 	 2.776600e-08
7.600000e-01 	 2.320822e-08
7.625000e-01 	 1.856461e-08
7.650000e-01 	 1.394109e-08
7.675000e-01 	 9.449051e-09
7.700000e-01 	 5.203364e-09
7.725000e-01 	 1.320200e-09
7.750000e-01 	 2.085380e-09
7.775000e-01 	 4.902021e-09
7.800000e-01 	 7.024847e-09
7.825000e-01 	 8.358344e-09
7.850000e-01 	 8.819343e-09
7.875000e-01 	 8.340022e-09
7.900000e-01 	 6.870904e-09
7.925000e-01 	 4.383758e-09
7.950000e-01 	 8.743670e-10
7.975000e-01 	 3.634943e-09
8.000000e-01 	 9.093054e-09
8.025000e-01 	 1.541820e-08
8.050000e-01 	 2.249656e-08
8.075000e-01 	 3.018141e-08
8.100000e-01 	 3.829293e-08
8.125000e-01 	 4.661864e-08
8.150000e-01 	 5.491479e-08
8.175000e-01 	 6.290849e-08
8.200000e-01 	 7.030087e-08
8.225000e-01 	 7.677122e-08
8.250000e-01 	 8.198225e-08
8.275000e-01 	 8.558637e-08
8.300000e-01 	 8.723320e-08
8.325000e-01 	 8.657809e-08
8.350000e-01 	 8.329188e-08
8.375000e-01 	 7.707156e-08
8.400000e-01 	 6.765207e-08
8.425000e-01 	 5.481880e-08
8.450000e-01 	 3.842096e-08
8.475000e-01 	 1.838537e-08
8.500000e-01 	 5.269454e-09
8.525000e-01 	 3.241913e-08
8.550000e-01 	 6.281965e-08
8.575000e-01 	 9.609421e-08
8.600000e-01 	 1.317213e-07
8.625000e-01 	 1.690244e-07
8.650000e-01 	 2.071635e-07
8.675000e-01 	 2.451302e-07
8.700000e-01 	 2.817451e-07
8.725000e-01 	 3.156604e-07
8.750000e-01 	 3.453665e-07
8.775000e-01 	 3.692048e-07
8.800000e-01 	 3.853866e-07
8.825000e-01 	 3.920191e-07
8.850000e-01 	 3.871404e-07
8.875000e-01 	 3.687617e-07
8.900000e-01 	 3.349211e-07
8.925000e-01 	 2.837456e-07
8.950000e-01 	 2.135259e-07
8.975000e-01 	 1.228011e-07
9.000000e-01 	 1.045589e-08
9.025000e-01 	 1.241716e-07
9.050000e-01 	 2.811695e-07
9.075000e-01 	 4.599224e-07
9.100000e-01 	 6.589709e-07
9.125000e-01 	 8.758638e-07
9.150000e-01 	 1.107005e-06
9.175000e-01 	 1.347495e-06
9.200000e-01 	 1.590978e-06
9.225000e-01 	 1.829490e-06
9.250000e-01 	 2.053324e-06
9.275000e-01 	 2.250907e-06
9.300000e-01 	 2.408714e-06
9.325000e-01 	 2.511213e-06
9.350000e-01 	 2.540868e-06
9.375000e-01 	 2.478202e-06
9.400000e-01 	 2.301950e-06
9.425000e-01 	 1.989315e-06
9.450000e-01 	 1.516346e-06
9.475000e-01 	 8.584807e-07
9.500000e-01 	 8.729740e-09
9.525000e-01 	 1.108672e-06
9.550000e-01 	 2.462455e-06
9.575000e-01 	 4.087388e-06
9.600000e-01 	 5.995088e-06
9.625000e-01 	 8.189160e-06
9.650000e-01 	 1.066240e-05
9.675000e-01 	 1.339339e-05
9.700000e-01 	 1.634249e-05
9.725000e-01 	 1.944702e-05
9.750000e-01 	 2.261564e-05
9.775000e-01 	 2.572166e-05
9.800000e-01 	 2.859533e-05
9.825000e-01 	 3.101480e-05
9.850000e-01 	 3.269564e-05
9.875000e-01 	 3.327878e-05
9.900000e-01 	 3.231657e-05
9.925000e-01 	 2.925685e-05
9.950000e-01 	 2.342461e-05
9.975000e-01 	 1.400122e-05
1.000000e+00 	 5.776513e-10
