1300.8869800477712
1371.0391491847472
1380.8035890336973
1373.6982217289553
1382.309577378817
1404.8309739787576
1359.8487458940224
1384.7088022788623
1486.9294967493079
1267.9430092654525
1373.8641411591436
1369.255503880321
1331.2670970086342
1466.0869690154495
1411.2714873899147
1432.8811161505066
1316.9717605698484
1365.70333170184
1246.2120668948382
1443.9840299804434
1390.0433067403358
1515.1131161338285
1383.9711434673898
1409.0273730818542
1297.0662856236017
1321.569769889052
1268.9848848507536
1398.8139982079213
1351.9273288473046
1415.8653116776707
1316.6735984471004
1327.6479081552593
1388.1044409695298
1484.046848938516
1461.269746946825
1429.668509201541
1481.6997996925268
1402.144042044318
1451.612525491671
1357.0608694112639
1370.455374267187
1306.1258419428325
1342.0386665268086
1394.6809408678441
1458.6841082111964
1441.2419497182175
1403.5413353266977
1362.1603562978376
1468.497458896241
1262.1181090193825
1286.1154338378053
1404.0927726183713
1346.099115380073
1413.3555574136153
1214.96460399675
1268.7524338065896
1373.0628250217264
1374.839499578577
1448.0898599379325
1362.2476938727962
1398.131799480828
1312.2523123573355
1269.2637961152325
1357.0934085680522
1285.8320739995083
1354.0555766426717
1343.7539063535196
1263.2968987479767
1347.073314114184
1368.3695237254585
1404.119010271853
1396.4462303617527
1346.0830707672299
1366.708275960291
1469.1225188338547
1433.7888822695609
1355.7688836130426
1334.375425215839
1486.3763026728261
1375.93137562453
1394.7653150081442
1389.8293884915386
1463.2513307792353
1332.1146571916665
1322.6537122730188
1330.1359270114958
1325.4935844242652
1376.229661392736
1391.3040904224383
1351.0115876666307
1398.3441943904786
1403.9461330079848
1447.618493741788
1387.293418572419
1340.2712128851513
1446.2714561184846
1384.6549664263848
1445.862543376907
1437.1926606556674
1446.6598271449297
