2.6678269240493905e+03
2.6198835814790309e+03
2.5677099981275128e+03
2.6389655931865468e+03
2.3191019067341599e+03
2.4871898033278403e+03
2.3892425173162533e+03
2.4937962152953078e+03
2.5364722247860745e+03
2.4496725873138030e+03
2.6128138670358690e+03
2.5348478889654866e+03
2.4269165679222683e+03
2.4207694624424721e+03
2.4161247413780861e+03
2.4320739156390009e+03
2.5445954919733081e+03
2.5537445026158275e+03
2.4739473506606687e+03
2.3895437076776343e+03
2.4146639172180062e+03
2.5883407323525339e+03
2.3578134898520616e+03
2.6223081374962449e+03
2.5286178658572576e+03
2.7746598330549091e+03
2.4666156413492126e+03
2.4264068568933203e+03
2.4353970807843261e+03
2.5701369400313124e+03
2.5074859839430474e+03
2.3207485132792299e+03
2.4373668979593212e+03
2.5274037504269331e+03
2.4982969050831080e+03
2.4093833502818293e+03
2.3449546935772655e+03
2.4486486635403817e+03
2.5058829841133238e+03
2.4650501325936684e+03
2.5694776201924019e+03
2.5495334453209198e+03
2.3462641059356170e+03
2.5472450490124106e+03
2.3391038795146123e+03
2.5762226244959566e+03
2.3767851566749491e+03
2.3717070188735715e+03
2.3201603240162140e+03
2.3951364052069184e+03
2.6287373094379323e+03
2.4174446563311949e+03
2.5635453126181837e+03
2.1905759328994131e+03
2.5044457233653497e+03
2.5709683950691015e+03
2.5795151110788370e+03
2.3895514584199773e+03
2.6113304040247112e+03
2.4732745913721942e+03
2.5478871291159007e+03
2.4326270534496584e+03
2.4563813967900055e+03
2.4654770448863028e+03
2.3448479408095873e+03
2.4105974255929032e+03
2.4120988974225552e+03
2.4610317234817144e+03
2.3084832523272835e+03
2.5675686851946366e+03
2.4724803532352994e+03
2.4902314339911059e+03
2.2073270758937410e+03
2.5123138218553649e+03
2.4605142856251214e+03
2.3689745122890790e+03
2.3895311202346056e+03
2.5532304363475719e+03
2.4838654617206084e+03
2.4208429835375177e+03
2.3803538993668458e+03
2.2533166016154537e+03
2.6904437054367113e+03
2.4870662724966596e+03
2.2358239607386322e+03
2.5442444754551079e+03
2.4642457897765507e+03
2.4485552229645400e+03
2.3025456250835914e+03
2.5531335794244565e+03
2.4210888438312722e+03
2.3713600507466349e+03
2.5095879498303184e+03
2.4273577745109915e+03
2.4414997696988712e+03
2.6158728280556475e+03
2.5529052954618605e+03
2.4364019837923920e+03
2.4979115666892089e+03
2.5164111676505959e+03
